intrinsic: [513.298, 515.665, 256.47, 236.75]
distortion: [-1.06703, 1.60345, 0.0693496, 0.042775, -1.12318]
quaternion: [-0.0246321, 0.00524307, 0.019681, 0.999489]
origin: [-0.0415484, 0.0324536, 0.0880358]
