intrinsic: [543.015, 553.017, 268.486, 242.247]
distortion: [-0.473318, -1.75233, 0.0172063, 0.0624629, 8.67864]
quaternion: [0.0262419, 0.0616098, -0.00830579, 0.997721]
origin: [-0.02673, 0.0470449, 0.0636897]
